1700518472.935596,[0, 281322]
1700518480.81301,[10, 290359]
1700518488.490798,[20, 292847]
1700518496.190987,[30, 296893]
1700518503.891265,[40, 296893]
1700518511.609289,[50, 297329]
1700518519.325689,[60, 299513]
1700518527.0470378,[70, 299545]
1700518534.771809,[80, 300522]
1700518542.4931798,[90, 300522]
1700518550.2149959,[100, 300522]
1700518557.941838,[110, 300605]
1700518565.646399,[120, 300605]
1700518573.373735,[130, 300605]
1700518581.092896,[140, 301251]
1700518588.8183308,[150, 301801]
1700518596.5328372,[160, 302030]
1700518604.256137,[170, 302654]
1700518611.96805,[180, 302654]
1700518619.703839,[190, 302654]
1700518627.523574,[200, 302654]
1700518635.23265,[210, 302654]
1700518643.0043259,[220, 302901]
1700518650.684361,[230, 302901]
1700518658.354263,[240, 302901]
1700518666.0307572,[250, 302901]
1700518673.7216582,[260, 303052]
1700518681.4063308,[270, 303052]
1700518689.105946,[280, 303052]
1700518696.838063,[290, 303751]
1700518704.5287712,[300, 303751]
1700518712.217102,[310, 303751]
1700518719.907808,[320, 303751]
1700518727.603424,[330, 303751]
1700518735.294213,[340, 303751]
1700518742.977479,[350, 303751]
1700518750.68994,[360, 303751]
1700518758.389025,[370, 303751]
1700518766.062919,[380, 303751]
1700518773.727605,[390, 303751]
1700518781.394301,[400, 304207]
1700518789.101534,[410, 304207]
1700518796.795677,[420, 304759]
1700518804.4698298,[430, 304759]
1700518812.204984,[440, 304759]
1700518819.8850071,[450, 304759]
1700518827.539629,[460, 304759]
1700518835.207534,[470, 304759]
1700518842.835021,[480, 305610]
1700518850.493255,[490, 305610]
1700518858.144914,[500, 305610]
1700518865.804704,[510, 305610]
1700518873.456073,[520, 305610]
1700518881.117782,[530, 305610]
1700518888.767272,[540, 305610]
1700518896.427593,[550, 305610]
1700518904.0695739,[560, 305610]
1700518911.727828,[570, 305610]
1700518919.388067,[580, 305610]
1700518927.05224,[590, 305610]
1700518934.694289,[600, 305674]
1700518942.394801,[610, 305674]
1700518950.099967,[620, 305674]
1700518957.787112,[630, 305798]
1700518965.4871738,[640, 305798]
1700518973.195083,[650, 305798]
1700518980.9504168,[660, 306550]
1700518988.66296,[670, 306550]
1700518996.367671,[680, 306550]
1700519004.083076,[690, 306550]
1700519011.797992,[700, 306550]
1700519019.4975958,[710, 306550]
1700519027.141681,[720, 306550]
1700519034.792614,[730, 306550]
1700519042.452489,[740, 306550]
1700519050.109974,[750, 306550]
1700519057.78775,[760, 306588]
1700519065.457901,[770, 306588]
1700519073.120631,[780, 306723]
1700519080.755626,[790, 306723]
1700519088.4224231,[800, 306936]
1700519096.089716,[810, 306936]
1700519103.7571552,[820, 306936]
1700519111.4115572,[830, 306936]
1700519119.088417,[840, 306936]
1700519126.780349,[850, 306936]
1700519134.4582348,[860, 306936]
1700519142.200333,[870, 306936]
1700519149.862998,[880, 306936]
1700519157.5474381,[890, 306936]
1700519165.197192,[900, 306936]
1700519172.8715641,[910, 306936]
1700519180.531774,[920, 306936]
1700519188.191133,[930, 306936]
1700519195.847577,[940, 306936]
1700519203.4809868,[950, 306936]
1700519211.138915,[960, 306936]
1700519218.8016472,[970, 306936]
1700519226.457804,[980, 306936]
1700519234.132302,[990, 306936]
